Date,Adj Close,Close,High,Low,Open,Volume
2014-09-17,,,,,,
2014-09-18,,,,,,
2014-09-19,,,,,,
2014-09-20,,,,,,
2014-09-21,,,,,,
2014-09-22,,,,,,
2014-09-23,,,,,,
2014-09-24,,,,,,
2014-09-25,,,,,,
2014-09-26,,,,,,
2014-09-27,,,,,,
2014-09-28,,,,,,
2014-09-29,,,,,,
2014-09-30,,,,,,
2014-10-01,,,,,,
2014-10-02,,,,,,
2014-10-03,,,,,,
2014-10-04,,,,,,
2014-10-05,,,,,,
2014-10-06,,,,,,
2014-10-07,,,,,,
2014-10-08,,,,,,
2014-10-09,,,,,,
2014-10-10,,,,,,
2014-10-11,,,,,,
2014-10-12,,,,,,
2014-10-13,,,,,,
2014-10-14,,,,,,
2014-10-15,,,,,,
2014-10-16,,,,,,
2014-10-17,,,,,,
2014-10-18,,,,,,
2014-10-19,,,,,,
2014-10-20,,,,,,
2014-10-21,,,,,,
2014-10-22,,,,,,
2014-10-23,,,,,,
2014-10-24,,,,,,
2014-10-25,,,,,,
2014-10-26,,,,,,
2014-10-27,,,,,,
2014-10-28,,,,,,
2014-10-29,,,,,,
2014-10-30,,,,,,
2014-10-31,,,,,,
2014-11-01,,,,,,
2014-11-02,,,,,,
2014-11-03,,,,,,
2014-11-04,,,,,,
2014-11-05,,,,,,
2014-11-06,,,,,,
2014-11-07,,,,,,
2014-11-08,,,,,,
2014-11-09,,,,,,
2014-11-10,,,,,,
2014-11-11,,,,,,
2014-11-12,,,,,,
2014-11-13,,,,,,
2014-11-14,,,,,,
2014-11-15,,,,,,
2014-11-16,,,,,,
2014-11-17,,,,,,
2014-11-18,,,,,,
2014-11-19,,,,,,
2014-11-20,,,,,,
2014-11-21,,,,,,
2014-11-22,,,,,,
2014-11-23,,,,,,
2014-11-24,,,,,,
2014-11-25,,,,,,
2014-11-26,,,,,,
2014-11-27,,,,,,
2014-11-28,,,,,,
2014-11-29,,,,,,
2014-11-30,,,,,,
2014-12-01,,,,,,
2014-12-02,,,,,,
2014-12-03,,,,,,
2014-12-04,,,,,,
2014-12-05,,,,,,
2014-12-06,,,,,,
2014-12-07,,,,,,
2014-12-08,,,,,,
2014-12-09,,,,,,
2014-12-10,,,,,,
2014-12-11,,,,,,
2014-12-12,,,,,,
2014-12-13,,,,,,
2014-12-14,,,,,,
2014-12-15,,,,,,
2014-12-16,,,,,,
2014-12-17,,,,,,
2014-12-18,,,,,,
2014-12-19,,,,,,
2014-12-20,,,,,,
2014-12-21,,,,,,
2014-12-22,,,,,,
2014-12-23,,,,,,
2014-12-24,,,,,,
2014-12-25,,,,,,
2014-12-26,,,,,,
2014-12-27,,,,,,
2014-12-28,,,,,,
2014-12-29,,,,,,
2014-12-30,,,,,,
2014-12-31,,,,,,
2015-01-01,,,,,,
2015-01-02,,,,,,
2015-01-03,,,,,,
2015-01-04,,,,,,
2015-01-05,,,,,,
2015-01-06,,,,,,
2015-01-07,,,,,,
2015-01-08,,,,,,
2015-01-09,,,,,,
2015-01-10,,,,,,
2015-01-11,,,,,,
2015-01-12,,,,,,
2015-01-13,,,,,,
2015-01-14,,,,,,
2015-01-15,,,,,,
2015-01-16,,,,,,
2015-01-17,,,,,,
2015-01-18,,,,,,
2015-01-19,,,,,,
2015-01-20,,,,,,
2015-01-21,,,,,,
2015-01-22,,,,,,
2015-01-23,,,,,,
2015-01-24,,,,,,
2015-01-25,,,,,,
2015-01-26,,,,,,
2015-01-27,,,,,,
2015-01-28,,,,,,
2015-01-29,,,,,,
2015-01-30,,,,,,
2015-01-31,,,,,,
2015-02-01,,,,,,
2015-02-02,,,,,,
2015-02-03,,,,,,
2015-02-04,,,,,,
2015-02-05,,,,,,
2015-02-06,,,,,,
2015-02-07,,,,,,
2015-02-08,,,,,,
2015-02-09,,,,,,
2015-02-10,,,,,,
2015-02-11,,,,,,
2015-02-12,,,,,,
2015-02-13,,,,,,
2015-02-14,,,,,,
2015-02-15,,,,,,
2015-02-16,,,,,,
2015-02-17,,,,,,
2015-02-18,,,,,,
2015-02-19,,,,,,
2015-02-20,,,,,,
2015-02-21,,,,,,
2015-02-22,,,,,,
2015-02-23,,,,,,
2015-02-24,,,,,,
2015-02-25,,,,,,
2015-02-26,,,,,,
2015-02-27,,,,,,
2015-02-28,,,,,,
2015-03-01,,,,,,
2015-03-02,,,,,,
2015-03-03,,,,,,
2015-03-04,,,,,,
2015-03-05,,,,,,
2015-03-06,,,,,,
2015-03-07,,,,,,
2015-03-08,,,,,,
2015-03-09,,,,,,
2015-03-10,,,,,,
2015-03-11,,,,,,
2015-03-12,,,,,,
2015-03-13,,,,,,
2015-03-14,,,,,,
2015-03-15,,,,,,
2015-03-16,,,,,,
2015-03-17,,,,,,
2015-03-18,,,,,,
2015-03-19,,,,,,
2015-03-20,,,,,,
2015-03-21,,,,,,
2015-03-22,,,,,,
2015-03-23,,,,,,
2015-03-24,,,,,,
2015-03-25,,,,,,
2015-03-26,,,,,,
2015-03-27,,,,,,
2015-03-28,,,,,,
2015-03-29,,,,,,
2015-03-30,,,,,,
2015-03-31,,,,,,
2015-04-01,,,,,,
2015-04-02,,,,,,
2015-04-03,,,,,,
2015-04-04,,,,,,
2015-04-05,,,,,,
2015-04-06,,,,,,
2015-04-07,,,,,,
2015-04-08,,,,,,
2015-04-09,,,,,,
2015-04-10,,,,,,
2015-04-11,,,,,,
2015-04-12,,,,,,
2015-04-13,,,,,,
2015-04-14,,,,,,
2015-04-15,,,,,,
2015-04-16,,,,,,
2015-04-17,,,,,,
2015-04-18,,,,,,
2015-04-19,,,,,,
2015-04-20,,,,,,
2015-04-21,,,,,,
2015-04-22,,,,,,
2015-04-23,,,,,,
2015-04-24,,,,,,
2015-04-25,,,,,,
2015-04-26,,,,,,
2015-04-27,,,,,,
2015-04-28,,,,,,
2015-04-29,,,,,,
2015-04-30,,,,,,
2015-05-01,,,,,,
2015-05-02,,,,,,
2015-05-03,,,,,,
2015-05-04,,,,,,
2015-05-05,,,,,,
2015-05-06,,,,,,
2015-05-07,,,,,,
2015-05-08,,,,,,
2015-05-09,,,,,,
2015-05-10,,,,,,
2015-05-11,,,,,,
2015-05-12,,,,,,
2015-05-13,,,,,,
2015-05-14,,,,,,
2015-05-15,,,,,,
2015-05-16,,,,,,
2015-05-17,,,,,,
2015-05-18,,,,,,
2015-05-19,,,,,,
2015-05-20,,,,,,
2015-05-21,,,,,,
2015-05-22,,,,,,
2015-05-23,,,,,,
2015-05-24,,,,,,
2015-05-25,,,,,,
2015-05-26,,,,,,
2015-05-27,,,,,,
2015-05-28,,,,,,
2015-05-29,,,,,,
2015-05-30,,,,,,
2015-05-31,,,,,,
2015-06-01,,,,,,
2015-06-02,,,,,,
2015-06-03,,,,,,
2015-06-04,,,,,,
2015-06-05,,,,,,
2015-06-06,,,,,,
2015-06-07,,,,,,
2015-06-08,,,,,,
2015-06-09,,,,,,
2015-06-10,,,,,,
2015-06-11,,,,,,
2015-06-12,,,,,,
2015-06-13,,,,,,
2015-06-14,,,,,,
2015-06-15,,,,,,
2015-06-16,,,,,,
2015-06-17,,,,,,
2015-06-18,,,,,,
2015-06-19,,,,,,
2015-06-20,,,,,,
2015-06-21,,,,,,
2015-06-22,,,,,,
2015-06-23,,,,,,
2015-06-24,,,,,,
2015-06-25,,,,,,
2015-06-26,,,,,,
2015-06-27,,,,,,
2015-06-28,,,,,,
2015-06-29,,,,,,
2015-06-30,,,,,,
2015-07-01,,,,,,
2015-07-02,,,,,,
2015-07-03,,,,,,
2015-07-04,,,,,,
2015-07-05,,,,,,
2015-07-06,,,,,,
2015-07-07,,,,,,
2015-07-08,,,,,,
2015-07-09,,,,,,
2015-07-10,,,,,,
2015-07-11,,,,,,
2015-07-12,,,,,,
2015-07-13,,,,,,
2015-07-14,,,,,,
2015-07-15,,,,,,
2015-07-16,,,,,,
2015-07-17,,,,,,
2015-07-18,,,,,,
2015-07-19,,,,,,
2015-07-20,,,,,,
2015-07-21,,,,,,
2015-07-22,,,,,,
2015-07-23,,,,,,
2015-07-24,,,,,,
2015-07-25,,,,,,
2015-07-26,,,,,,
2015-07-27,,,,,,
2015-07-28,,,,,,
2015-07-29,,,,,,
2015-07-30,,,,,,
2015-07-31,,,,,,
2015-08-01,,,,,,
2015-08-02,,,,,,
2015-08-03,,,,,,
2015-08-04,,,,,,
2015-08-05,,,,,,
2015-08-06,,,,,,
2015-08-07,,,,,,
2015-08-08,,,,,,
2015-08-09,,,,,,
2015-08-10,,,,,,
2015-08-11,,,,,,
2015-08-12,,,,,,
2015-08-13,,,,,,
2015-08-14,,,,,,
2015-08-15,,,,,,
2015-08-16,,,,,,
2015-08-17,,,,,,
2015-08-18,,,,,,
2015-08-19,,,,,,
2015-08-20,,,,,,
2015-08-21,,,,,,
2015-08-22,,,,,,
2015-08-23,,,,,,
2015-08-24,,,,,,
2015-08-25,,,,,,
2015-08-26,,,,,,
2015-08-27,,,,,,
2015-08-28,,,,,,
2015-08-29,,,,,,
2015-08-30,,,,,,
2015-08-31,,,,,,
2015-09-01,,,,,,
2015-09-02,,,,,,
2015-09-03,,,,,,
2015-09-04,,,,,,
2015-09-05,,,,,,
2015-09-06,,,,,,
2015-09-07,,,,,,
2015-09-08,,,,,,
2015-09-09,,,,,,
2015-09-10,,,,,,
2015-09-11,,,,,,
2015-09-12,,,,,,
2015-09-13,,,,,,
2015-09-14,,,,,,
2015-09-15,,,,,,
2015-09-16,,,,,,
2015-09-17,,,,,,
2015-09-18,,,,,,
2015-09-19,,,,,,
2015-09-20,,,,,,
2015-09-21,,,,,,
2015-09-22,,,,,,
2015-09-23,,,,,,
2015-09-24,,,,,,
2015-09-25,,,,,,
2015-09-26,,,,,,
2015-09-27,,,,,,
2015-09-28,,,,,,
2015-09-29,,,,,,
2015-09-30,,,,,,
2015-10-01,,,,,,
2015-10-02,,,,,,
2015-10-03,,,,,,
2015-10-04,,,,,,
2015-10-05,,,,,,
2015-10-06,,,,,,
2015-10-07,,,,,,
2015-10-08,,,,,,
2015-10-09,,,,,,
2015-10-10,,,,,,
2015-10-11,,,,,,
2015-10-12,,,,,,
2015-10-13,,,,,,
2015-10-14,,,,,,
2015-10-15,,,,,,
2015-10-16,,,,,,
2015-10-17,,,,,,
2015-10-18,,,,,,
2015-10-19,,,,,,
2015-10-20,,,,,,
2015-10-21,,,,,,
2015-10-22,,,,,,
2015-10-23,,,,,,
2015-10-24,,,,,,
2015-10-25,,,,,,
2015-10-26,,,,,,
2015-10-27,,,,,,
2015-10-28,,,,,,
2015-10-29,,,,,,
2015-10-30,,,,,,
2015-10-31,,,,,,
2015-11-01,,,,,,
2015-11-02,,,,,,
2015-11-03,,,,,,
2015-11-04,,,,,,
2015-11-05,,,,,,
2015-11-06,,,,,,
2015-11-07,,,,,,
2015-11-08,,,,,,
2015-11-09,,,,,,
2015-11-10,,,,,,
2015-11-11,,,,,,
2015-11-12,,,,,,
2015-11-13,,,,,,
2015-11-14,,,,,,
2015-11-15,,,,,,
2015-11-16,,,,,,
2015-11-17,,,,,,
2015-11-18,,,,,,
2015-11-19,,,,,,
2015-11-20,,,,,,
2015-11-21,,,,,,
2015-11-22,,,,,,
2015-11-23,,,,,,
2015-11-24,,,,,,
2015-11-25,,,,,,
2015-11-26,,,,,,
2015-11-27,,,,,,
2015-11-28,,,,,,
2015-11-29,,,,,,
2015-11-30,,,,,,
2015-12-01,,,,,,
2015-12-02,,,,,,
2015-12-03,,,,,,
2015-12-04,,,,,,
2015-12-05,,,,,,
2015-12-06,,,,,,
2015-12-07,,,,,,
2015-12-08,,,,,,
2015-12-09,,,,,,
2015-12-10,,,,,,
2015-12-11,,,,,,
2015-12-12,,,,,,
2015-12-13,,,,,,
2015-12-14,,,,,,
2015-12-15,,,,,,
2015-12-16,,,,,,
2015-12-17,,,,,,
2015-12-18,,,,,,
2015-12-19,,,,,,
2015-12-20,,,,,,
2015-12-21,,,,,,
2015-12-22,,,,,,
2015-12-23,,,,,,
2015-12-24,,,,,,
2015-12-25,,,,,,
2015-12-26,,,,,,
2015-12-27,,,,,,
2015-12-28,,,,,,
2015-12-29,,,,,,
2015-12-30,,,,,,
2015-12-31,,,,,,
2016-01-01,,,,,,
2016-01-02,,,,,,
2016-01-03,,,,,,
2016-01-04,,,,,,
2016-01-05,,,,,,
2016-01-06,,,,,,
2016-01-07,,,,,,
2016-01-08,,,,,,
2016-01-09,,,,,,
2016-01-10,,,,,,
2016-01-11,,,,,,
2016-01-12,,,,,,
2016-01-13,,,,,,
2016-01-14,,,,,,
2016-01-15,,,,,,
2016-01-16,,,,,,
2016-01-17,,,,,,
2016-01-18,,,,,,
2016-01-19,,,,,,
2016-01-20,,,,,,
2016-01-21,,,,,,
2016-01-22,,,,,,
2016-01-23,,,,,,
2016-01-24,,,,,,
2016-01-25,,,,,,
2016-01-26,,,,,,
2016-01-27,,,,,,
2016-01-28,,,,,,
2016-01-29,,,,,,
2016-01-30,,,,,,
2016-01-31,,,,,,
2016-02-01,,,,,,
2016-02-02,,,,,,
2016-02-03,,,,,,
2016-02-04,,,,,,
2016-02-05,,,,,,
2016-02-06,,,,,,
2016-02-07,,,,,,
2016-02-08,,,,,,
2016-02-09,,,,,,
2016-02-10,,,,,,
2016-02-11,,,,,,
2016-02-12,,,,,,
2016-02-13,,,,,,
2016-02-14,,,,,,
2016-02-15,,,,,,
2016-02-16,,,,,,
2016-02-17,,,,,,
2016-02-18,,,,,,
2016-02-19,,,,,,
2016-02-20,,,,,,
2016-02-21,,,,,,
2016-02-22,,,,,,
2016-02-23,,,,,,
2016-02-24,,,,,,
2016-02-25,,,,,,
2016-02-26,,,,,,
2016-02-27,,,,,,
2016-02-28,,,,,,
2016-02-29,,,,,,
2016-03-01,,,,,,
2016-03-02,,,,,,
2016-03-03,,,,,,
2016-03-04,,,,,,
2016-03-05,,,,,,
2016-03-06,,,,,,
2016-03-07,,,,,,
2016-03-08,,,,,,
2016-03-09,,,,,,
2016-03-10,,,,,,
2016-03-11,,,,,,
2016-03-12,,,,,,
2016-03-13,,,,,,
2016-03-14,,,,,,
2016-03-15,,,,,,
2016-03-16,,,,,,
2016-03-17,,,,,,
2016-03-18,,,,,,
2016-03-19,,,,,,
2016-03-20,,,,,,
2016-03-21,,,,,,
2016-03-22,,,,,,
2016-03-23,,,,,,
2016-03-24,,,,,,
2016-03-25,,,,,,
2016-03-26,,,,,,
2016-03-27,,,,,,
2016-03-28,,,,,,
2016-03-29,,,,,,
2016-03-30,,,,,,
2016-03-31,,,,,,
2016-04-01,,,,,,
2016-04-02,,,,,,
2016-04-03,,,,,,
2016-04-04,,,,,,
2016-04-05,,,,,,
2016-04-06,,,,,,
2016-04-07,,,,,,
2016-04-08,,,,,,
2016-04-09,,,,,,
2016-04-10,,,,,,
2016-04-11,,,,,,
2016-04-12,,,,,,
2016-04-13,,,,,,
2016-04-14,,,,,,
2016-04-15,,,,,,
2016-04-16,,,,,,
2016-04-17,,,,,,
2016-04-18,,,,,,
2016-04-19,,,,,,
2016-04-20,,,,,,
2016-04-21,,,,,,
2016-04-22,,,,,,
2016-04-23,,,,,,
2016-04-24,,,,,,
2016-04-25,,,,,,
2016-04-26,,,,,,
2016-04-27,,,,,,
2016-04-28,,,,,,
2016-04-29,,,,,,
2016-04-30,,,,,,
2016-05-01,,,,,,
2016-05-02,,,,,,
2016-05-03,,,,,,
2016-05-04,,,,,,
2016-05-05,,,,,,
2016-05-06,,,,,,
2016-05-07,,,,,,
2016-05-08,,,,,,
2016-05-09,,,,,,
2016-05-10,,,,,,
2016-05-11,,,,,,
2016-05-12,,,,,,
2016-05-13,,,,,,
2016-05-14,,,,,,
2016-05-15,,,,,,
2016-05-16,,,,,,
2016-05-17,,,,,,
2016-05-18,,,,,,
2016-05-19,,,,,,
2016-05-20,,,,,,
2016-05-21,,,,,,
2016-05-22,,,,,,
2016-05-23,,,,,,
2016-05-24,,,,,,
2016-05-25,,,,,,
2016-05-26,,,,,,
2016-05-27,,,,,,
2016-05-28,,,,,,
2016-05-29,,,,,,
2016-05-30,,,,,,
2016-05-31,,,,,,
2016-06-01,,,,,,
2016-06-02,,,,,,
2016-06-03,,,,,,
2016-06-04,,,,,,
2016-06-05,,,,,,
2016-06-06,,,,,,
2016-06-07,,,,,,
2016-06-08,,,,,,
2016-06-09,,,,,,
2016-06-10,,,,,,
2016-06-11,,,,,,
2016-06-12,,,,,,
2016-06-13,,,,,,
2016-06-14,,,,,,
2016-06-15,,,,,,
2016-06-16,,,,,,
2016-06-17,,,,,,
2016-06-18,,,,,,
2016-06-19,,,,,,
2016-06-20,,,,,,
2016-06-21,,,,,,
2016-06-22,,,,,,
2016-06-23,,,,,,
2016-06-24,,,,,,
2016-06-25,,,,,,
2016-06-26,,,,,,
2016-06-27,,,,,,
2016-06-28,,,,,,
2016-06-29,,,,,,
2016-06-30,,,,,,
2016-07-01,,,,,,
2016-07-02,,,,,,
2016-07-03,,,,,,
2016-07-04,,,,,,
2016-07-05,,,,,,
2016-07-06,,,,,,
2016-07-07,,,,,,
2016-07-08,,,,,,
2016-07-09,,,,,,
2016-07-10,,,,,,
2016-07-11,,,,,,
2016-07-12,,,,,,
2016-07-13,,,,,,
2016-07-14,,,,,,
2016-07-15,,,,,,
2016-07-16,,,,,,
2016-07-17,,,,,,
2016-07-18,,,,,,
2016-07-19,,,,,,
2016-07-20,,,,,,
2016-07-21,,,,,,
2016-07-22,,,,,,
2016-07-23,,,,,,
2016-07-24,,,,,,
2016-07-25,,,,,,
2016-07-26,,,,,,
2016-07-27,,,,,,
2016-07-28,,,,,,
2016-07-29,,,,,,
2016-07-30,,,,,,
2016-07-31,,,,,,
2016-08-01,,,,,,
2016-08-02,,,,,,
2016-08-03,,,,,,
2016-08-04,,,,,,
2016-08-05,,,,,,
2016-08-06,,,,,,
2016-08-07,,,,,,
2016-08-08,,,,,,
2016-08-09,,,,,,
2016-08-10,,,,,,
2016-08-11,,,,,,
2016-08-12,,,,,,
2016-08-13,,,,,,
2016-08-14,,,,,,
2016-08-15,,,,,,
2016-08-16,,,,,,
2016-08-17,,,,,,
2016-08-18,,,,,,
2016-08-19,,,,,,
2016-08-20,,,,,,
2016-08-21,,,,,,
2016-08-22,,,,,,
2016-08-23,,,,,,
2016-08-24,,,,,,
2016-08-25,,,,,,
2016-08-26,,,,,,
2016-08-27,,,,,,
2016-08-28,,,,,,
2016-08-29,,,,,,
2016-08-30,,,,,,
2016-08-31,,,,,,
2016-09-01,,,,,,
2016-09-02,,,,,,
2016-09-03,,,,,,
2016-09-04,,,,,,
2016-09-05,,,,,,
2016-09-06,,,,,,
2016-09-07,,,,,,
2016-09-08,,,,,,
2016-09-09,,,,,,
2016-09-10,,,,,,
2016-09-11,,,,,,
2016-09-12,,,,,,
2016-09-13,,,,,,
2016-09-14,,,,,,
2016-09-15,,,,,,
2016-09-16,,,,,,
2016-09-17,,,,,,
2016-09-18,,,,,,
2016-09-19,,,,,,
2016-09-20,,,,,,
2016-09-21,,,,,,
2016-09-22,,,,,,
2016-09-23,,,,,,
2016-09-24,,,,,,
2016-09-25,,,,,,
2016-09-26,,,,,,
2016-09-27,,,,,,
2016-09-28,,,,,,
2016-09-29,,,,,,
2016-09-30,,,,,,
2016-10-01,,,,,,
2016-10-02,,,,,,
2016-10-03,,,,,,
2016-10-04,,,,,,
2016-10-05,,,,,,
2016-10-06,,,,,,
2016-10-07,,,,,,
2016-10-08,,,,,,
2016-10-09,,,,,,
2016-10-10,,,,,,
2016-10-11,,,,,,
2016-10-12,,,,,,
2016-10-13,,,,,,
2016-10-14,,,,,,
2016-10-15,,,,,,
2016-10-16,,,,,,
2016-10-17,,,,,,
2016-10-18,,,,,,
2016-10-19,,,,,,
2016-10-20,,,,,,
2016-10-21,,,,,,
2016-10-22,,,,,,
2016-10-23,,,,,,
2016-10-24,,,,,,
2016-10-25,,,,,,
2016-10-26,,,,,,
2016-10-27,,,,,,
2016-10-28,,,,,,
2016-10-29,,,,,,
2016-10-30,,,,,,
2016-10-31,,,,,,
2016-11-01,,,,,,
2016-11-02,,,,,,
2016-11-03,,,,,,
2016-11-04,,,,,,
2016-11-05,,,,,,
2016-11-06,,,,,,
2016-11-07,,,,,,
2016-11-08,,,,,,
2016-11-09,,,,,,
2016-11-10,,,,,,
2016-11-11,,,,,,
2016-11-12,,,,,,
2016-11-13,,,,,,
2016-11-14,,,,,,
2016-11-15,,,,,,
2016-11-16,,,,,,
2016-11-17,,,,,,
2016-11-18,,,,,,
2016-11-19,,,,,,
2016-11-20,,,,,,
2016-11-21,,,,,,
2016-11-22,,,,,,
2016-11-23,,,,,,
2016-11-24,,,,,,
2016-11-25,,,,,,
2016-11-26,,,,,,
2016-11-27,,,,,,
2016-11-28,,,,,,
2016-11-29,,,,,,
2016-11-30,,,,,,
2016-12-01,,,,,,
2016-12-02,,,,,,
2016-12-03,,,,,,
2016-12-04,,,,,,
2016-12-05,,,,,,
2016-12-06,,,,,,
2016-12-07,,,,,,
2016-12-08,,,,,,
2016-12-09,,,,,,
2016-12-10,,,,,,
2016-12-11,,,,,,
2016-12-12,,,,,,
2016-12-13,,,,,,
2016-12-14,,,,,,
2016-12-15,,,,,,
2016-12-16,,,,,,
2016-12-17,,,,,,
2016-12-18,,,,,,
2016-12-19,,,,,,
2016-12-20,,,,,,
2016-12-21,,,,,,
2016-12-22,,,,,,
2016-12-23,,,,,,
2016-12-24,,,,,,
2016-12-25,,,,,,
2016-12-26,,,,,,
2016-12-27,,,,,,
2016-12-28,,,,,,
2016-12-29,,,,,,
2016-12-30,,,,,,
2016-12-31,,,,,,
2017-01-01,,,,,,
2017-01-02,,,,,,
2017-01-03,,,,,,
2017-01-04,,,,,,
2017-01-05,,,,,,
2017-01-06,,,,,,
2017-01-07,,,,,,
2017-01-08,,,,,,
2017-01-09,,,,,,
2017-01-10,,,,,,
2017-01-11,,,,,,
2017-01-12,,,,,,
2017-01-13,,,,,,
2017-01-14,,,,,,
2017-01-15,,,,,,
2017-01-16,,,,,,
2017-01-17,,,,,,
2017-01-18,,,,,,
2017-01-19,,,,,,
2017-01-20,,,,,,
2017-01-21,,,,,,
2017-01-22,,,,,,
2017-01-23,,,,,,
2017-01-24,,,,,,
2017-01-25,,,,,,
2017-01-26,,,,,,
2017-01-27,,,,,,
2017-01-28,,,,,,
2017-01-29,,,,,,
2017-01-30,,,,,,
2017-01-31,,,,,,
2017-02-01,,,,,,
2017-02-02,,,,,,
2017-02-03,,,,,,
2017-02-04,,,,,,
2017-02-05,,,,,,
2017-02-06,,,,,,
2017-02-07,,,,,,
2017-02-08,,,,,,
2017-02-09,,,,,,
2017-02-10,,,,,,
2017-02-11,,,,,,
2017-02-12,,,,,,
2017-02-13,,,,,,
2017-02-14,,,,,,
2017-02-15,,,,,,
2017-02-16,,,,,,
2017-02-17,,,,,,
2017-02-18,,,,,,
2017-02-19,,,,,,
2017-02-20,,,,,,
2017-02-21,,,,,,
2017-02-22,,,,,,
2017-02-23,,,,,,
2017-02-24,,,,,,
2017-02-25,,,,,,
2017-02-26,,,,,,
2017-02-27,,,,,,
2017-02-28,,,,,,
2017-03-01,,,,,,
2017-03-02,,,,,,
2017-03-03,,,,,,
2017-03-04,,,,,,
2017-03-05,,,,,,
2017-03-06,,,,,,
2017-03-07,,,,,,
2017-03-08,,,,,,
2017-03-09,,,,,,
2017-03-10,,,,,,
2017-03-11,,,,,,
2017-03-12,,,,,,
2017-03-13,,,,,,
2017-03-14,,,,,,
2017-03-15,,,,,,
2017-03-16,,,,,,
2017-03-17,,,,,,
2017-03-18,,,,,,
2017-03-19,,,,,,
2017-03-20,,,,,,
2017-03-21,,,,,,
2017-03-22,,,,,,
2017-03-23,,,,,,
2017-03-24,,,,,,
2017-03-25,,,,,,
2017-03-26,,,,,,
2017-03-27,,,,,,
2017-03-28,,,,,,
2017-03-29,,,,,,
2017-03-30,,,,,,
2017-03-31,,,,,,
2017-04-01,,,,,,
2017-04-02,,,,,,
2017-04-03,,,,,,
2017-04-04,,,,,,
2017-04-05,,,,,,
2017-04-06,,,,,,
2017-04-07,,,,,,
2017-04-08,,,,,,
2017-04-09,,,,,,
2017-04-10,,,,,,
2017-04-11,,,,,,
2017-04-12,,,,,,
2017-04-13,,,,,,
2017-04-14,,,,,,
2017-04-15,,,,,,
2017-04-16,,,,,,
2017-04-17,,,,,,
2017-04-18,,,,,,
2017-04-19,,,,,,
2017-04-20,,,,,,
2017-04-21,,,,,,
2017-04-22,,,,,,
2017-04-23,,,,,,
2017-04-24,,,,,,
2017-04-25,,,,,,
2017-04-26,,,,,,
2017-04-27,,,,,,
2017-04-28,,,,,,
2017-04-29,,,,,,
2017-04-30,,,,,,
2017-05-01,,,,,,
2017-05-02,,,,,,
2017-05-03,,,,,,
2017-05-04,,,,,,
2017-05-05,,,,,,
2017-05-06,,,,,,
2017-05-07,,,,,,
2017-05-08,,,,,,
2017-05-09,,,,,,
2017-05-10,,,,,,
2017-05-11,,,,,,
2017-05-12,,,,,,
2017-05-13,,,,,,
2017-05-14,,,,,,
2017-05-15,,,,,,
2017-05-16,,,,,,
2017-05-17,,,,,,
2017-05-18,,,,,,
2017-05-19,,,,,,
2017-05-20,,,,,,
2017-05-21,,,,,,
2017-05-22,,,,,,
2017-05-23,,,,,,
2017-05-24,,,,,,
2017-05-25,,,,,,
2017-05-26,,,,,,
2017-05-27,,,,,,
2017-05-28,,,,,,
2017-05-29,,,,,,
2017-05-30,,,,,,
2017-05-31,,,,,,
2017-06-01,,,,,,
2017-06-02,,,,,,
2017-06-03,,,,,,
2017-06-04,,,,,,
2017-06-05,,,,,,
2017-06-06,,,,,,
2017-06-07,,,,,,
2017-06-08,,,,,,
2017-06-09,,,,,,
2017-06-10,,,,,,
2017-06-11,,,,,,
2017-06-12,,,,,,
2017-06-13,,,,,,
2017-06-14,,,,,,
2017-06-15,,,,,,
2017-06-16,,,,,,
2017-06-17,,,,,,
2017-06-18,,,,,,
2017-06-19,,,,,,
2017-06-20,,,,,,
2017-06-21,,,,,,
2017-06-22,,,,,,
2017-06-23,,,,,,
2017-06-24,,,,,,
2017-06-25,,,,,,
2017-06-26,,,,,,
2017-06-27,,,,,,
2017-06-28,,,,,,
2017-06-29,,,,,,
2017-06-30,,,,,,
2017-07-01,,,,,,
2017-07-02,,,,,,
2017-07-03,,,,,,
2017-07-04,,,,,,
2017-07-05,,,,,,
2017-07-06,,,,,,
2017-07-07,,,,,,
2017-07-08,,,,,,
2017-07-09,,,,,,
2017-07-10,,,,,,
2017-07-11,,,,,,
2017-07-12,,,,,,
2017-07-13,,,,,,
2017-07-14,,,,,,
2017-07-15,,,,,,
2017-07-16,,,,,,
2017-07-17,,,,,,
2017-07-18,,,,,,
2017-07-19,,,,,,
2017-07-20,,,,,,
2017-07-21,,,,,,
2017-07-22,,,,,,
2017-07-23,,,,,,
2017-07-24,,,,,,
2017-07-25,,,,,,
2017-07-26,,,,,,
2017-07-27,,,,,,
2017-07-28,,,,,,
2017-07-29,,,,,,
2017-07-30,,,,,,
2017-07-31,,,,,,
2017-08-01,,,,,,
2017-08-02,,,,,,
2017-08-03,,,,,,
2017-08-04,,,,,,
2017-08-05,,,,,,
2017-08-06,,,,,,
2017-08-07,,,,,,
2017-08-08,,,,,,
2017-08-09,,,,,,
2017-08-10,,,,,,
2017-08-11,,,,,,
2017-08-12,,,,,,
2017-08-13,,,,,,
2017-08-14,,,,,,
2017-08-15,,,,,,
2017-08-16,,,,,,
2017-08-17,,,,,,
2017-08-18,,,,,,
2017-08-19,,,,,,
2017-08-20,,,,,,
2017-08-21,,,,,,
2017-08-22,,,,,,
2017-08-23,,,,,,
2017-08-24,,,,,,
2017-08-25,,,,,,
2017-08-26,,,,,,
2017-08-27,,,,,,
2017-08-28,,,,,,
2017-08-29,,,,,,
2017-08-30,,,,,,
2017-08-31,,,,,,
2017-09-01,,,,,,
2017-09-02,,,,,,
2017-09-03,,,,,,
2017-09-04,,,,,,
2017-09-05,,,,,,
2017-09-06,,,,,,
2017-09-07,,,,,,
2017-09-08,,,,,,
2017-09-09,,,,,,
2017-09-10,,,,,,
2017-09-11,,,,,,
2017-09-12,,,,,,
2017-09-13,,,,,,
2017-09-14,,,,,,
2017-09-15,,,,,,
2017-09-16,,,,,,
2017-09-17,,,,,,
2017-09-18,,,,,,
2017-09-19,,,,,,
2017-09-20,,,,,,
2017-09-21,,,,,,
2017-09-22,,,,,,
2017-09-23,,,,,,
2017-09-24,,,,,,
2017-09-25,,,,,,
2017-09-26,,,,,,
2017-09-27,,,,,,
2017-09-28,,,,,,
2017-09-29,,,,,,
2017-09-30,,,,,,
2017-10-01,,,,,,
2017-10-02,,,,,,
2017-10-03,,,,,,
2017-10-04,,,,,,
2017-10-05,,,,,,
2017-10-06,,,,,,
2017-10-07,,,,,,
2017-10-08,,,,,,
2017-10-09,,,,,,
2017-10-10,,,,,,
2017-10-11,,,,,,
2017-10-12,,,,,,
2017-10-13,,,,,,
2017-10-14,,,,,,
2017-10-15,,,,,,
2017-10-16,,,,,,
2017-10-17,,,,,,
2017-10-18,,,,,,
2017-10-19,,,,,,
2017-10-20,,,,,,
2017-10-21,,,,,,
2017-10-22,,,,,,
2017-10-23,,,,,,
2017-10-24,,,,,,
2017-10-25,,,,,,
2017-10-26,,,,,,
2017-10-27,,,,,,
2017-10-28,,,,,,
2017-10-29,,,,,,
2017-10-30,,,,,,
2017-10-31,,,,,,
2017-11-01,,,,,,
2017-11-02,,,,,,
2017-11-03,,,,,,
2017-11-04,,,,,,
2017-11-05,,,,,,
2017-11-06,,,,,,
2017-11-07,,,,,,
2017-11-08,,,,,,
2017-11-09,,,,,,
2017-11-10,,,,,,
2017-11-11,,,,,,
2017-11-12,,,,,,
2017-11-13,,,,,,
2017-11-14,,,,,,
2017-11-15,,,,,,
2017-11-16,,,,,,
2017-11-17,,,,,,
2017-11-18,,,,,,
2017-11-19,,,,,,
2017-11-20,,,,,,
2017-11-21,,,,,,
2017-11-22,,,,,,
2017-11-23,,,,,,
2017-11-24,,,,,,
2017-11-25,,,,,,
2017-11-26,,,,,,
2017-11-27,,,,,,
2017-11-28,,,,,,
2017-11-29,,,,,,
2017-11-30,,,,,,
2017-12-01,,,,,,
2017-12-02,,,,,,
2017-12-03,,,,,,
2017-12-04,,,,,,
2017-12-05,,,,,,
2017-12-06,,,,,,
2017-12-07,,,,,,
2017-12-08,,,,,,
2017-12-09,,,,,,
2017-12-10,,,,,,
2017-12-11,,,,,,
2017-12-12,,,,,,
2017-12-13,,,,,,
2017-12-14,,,,,,
2017-12-15,,,,,,
2017-12-16,,,,,,
2017-12-17,,,,,,
2017-12-18,,,,,,
2017-12-19,,,,,,
2017-12-20,,,,,,
2017-12-21,,,,,,
2017-12-22,,,,,,
2017-12-23,,,,,,
2017-12-24,,,,,,
2017-12-25,,,,,,
2017-12-26,,,,,,
2017-12-27,,,,,,
2017-12-28,,,,,,
2017-12-29,,,,,,
2017-12-30,,,,,,
2017-12-31,,,,,,
2018-01-01,,,,,,
2018-01-02,,,,,,
2018-01-03,,,,,,
2018-01-04,,,,,,
2018-01-05,,,,,,
2018-01-06,,,,,,
2018-01-07,,,,,,
2018-01-08,,,,,,
2018-01-09,,,,,,
2018-01-10,,,,,,
2018-01-11,,,,,,
2018-01-12,,,,,,
2018-01-13,,,,,,
2018-01-14,,,,,,
2018-01-15,,,,,,
2018-01-16,,,,,,
2018-01-17,,,,,,
2018-01-18,,,,,,
2018-01-19,,,,,,
2018-01-20,,,,,,
2018-01-21,,,,,,
2018-01-22,,,,,,
2018-01-23,,,,,,
2018-01-24,,,,,,
2018-01-25,,,,,,
2018-01-26,,,,,,
2018-01-27,,,,,,
2018-01-28,,,,,,
2018-01-29,,,,,,
2018-01-30,,,,,,
2018-01-31,,,,,,
2018-02-01,,,,,,
2018-02-02,,,,,,
2018-02-03,,,,,,
2018-02-04,,,,,,
2018-02-05,,,,,,
2018-02-06,,,,,,
2018-02-07,,,,,,
2018-02-08,,,,,,
2018-02-09,,,,,,
2018-02-10,,,,,,
2018-02-11,,,,,,
2018-02-12,,,,,,
2018-02-13,,,,,,
2018-02-14,,,,,,
2018-02-15,,,,,,
2018-02-16,,,,,,
2018-02-17,,,,,,
2018-02-18,,,,,,
2018-02-19,,,,,,
2018-02-20,,,,,,
2018-02-21,,,,,,
2018-02-22,,,,,,
2018-02-23,,,,,,
2018-02-24,,,,,,
2018-02-25,,,,,,
2018-02-26,,,,,,
2018-02-27,,,,,,
2018-02-28,,,,,,
2018-03-01,,,,,,
2018-03-02,,,,,,
2018-03-03,,,,,,
2018-03-04,,,,,,
2018-03-05,,,,,,
2018-03-06,,,,,,
2018-03-07,,,,,,
2018-03-08,,,,,,
2018-03-09,,,,,,
2018-03-10,,,,,,
2018-03-11,,,,,,
2018-03-12,,,,,,
2018-03-13,,,,,,
2018-03-14,,,,,,
2018-03-15,,,,,,
2018-03-16,,,,,,
2018-03-17,,,,,,
2018-03-18,,,,,,
2018-03-19,,,,,,
2018-03-20,,,,,,
2018-03-21,,,,,,
2018-03-22,,,,,,
2018-03-23,,,,,,
2018-03-24,,,,,,
2018-03-25,,,,,,
2018-03-26,,,,,,
2018-03-27,,,,,,
2018-03-28,,,,,,
2018-03-29,,,,,,
2018-03-30,,,,,,
2018-03-31,,,,,,
2018-04-01,,,,,,
2018-04-02,,,,,,
2018-04-03,,,,,,
2018-04-04,,,,,,
2018-04-05,,,,,,
2018-04-06,,,,,,
2018-04-07,,,,,,
2018-04-08,,,,,,
2018-04-09,,,,,,
2018-04-10,,,,,,
2018-04-11,,,,,,
2018-04-12,,,,,,
2018-04-13,,,,,,
2018-04-14,,,,,,
2018-04-15,,,,,,
2018-04-16,,,,,,
2018-04-17,,,,,,
2018-04-18,,,,,,
2018-04-19,,,,,,
2018-04-20,,,,,,
2018-04-21,,,,,,
2018-04-22,,,,,,
2018-04-23,,,,,,
2018-04-24,,,,,,
2018-04-25,,,,,,
2018-04-26,,,,,,
2018-04-27,,,,,,
2018-04-28,,,,,,
2018-04-29,,,,,,
2018-04-30,,,,,,
2018-05-01,,,,,,
2018-05-02,,,,,,
2018-05-03,,,,,,
2018-05-04,,,,,,
2018-05-05,,,,,,
2018-05-06,,,,,,
2018-05-07,,,,,,
2018-05-08,,,,,,
2018-05-09,,,,,,
2018-05-10,,,,,,
2018-05-11,,,,,,
2018-05-12,,,,,,
2018-05-13,,,,,,
2018-05-14,,,,,,
2018-05-15,,,,,,
2018-05-16,,,,,,
2018-05-17,,,,,,
2018-05-18,,,,,,
2018-05-19,,,,,,
2018-05-20,,,,,,
2018-05-21,,,,,,
2018-05-22,,,,,,
2018-05-23,,,,,,
2018-05-24,,,,,,
2018-05-25,,,,,,
2018-05-26,,,,,,
2018-05-27,,,,,,
2018-05-28,,,,,,
2018-05-29,,,,,,
2018-05-30,,,,,,
2018-05-31,,,,,,
2018-06-01,,,,,,
2018-06-02,,,,,,
2018-06-03,,,,,,
2018-06-04,,,,,,
2018-06-05,,,,,,
2018-06-06,,,,,,
2018-06-07,,,,,,
2018-06-08,,,,,,
2018-06-09,,,,,,
2018-06-10,,,,,,
2018-06-11,,,,,,
2018-06-12,,,,,,
2018-06-13,,,,,,
2018-06-14,,,,,,
2018-06-15,,,,,,
2018-06-16,,,,,,
2018-06-17,,,,,,
2018-06-18,,,,,,
2018-06-19,,,,,,
2018-06-20,,,,,,
2018-06-21,,,,,,
2018-06-22,,,,,,
2018-06-23,,,,,,
2018-06-24,,,,,,
2018-06-25,,,,,,
2018-06-26,,,,,,
2018-06-27,,,,,,
2018-06-28,,,,,,
2018-06-29,,,,,,
2018-06-30,,,,,,
2018-07-01,,,,,,
2018-07-02,,,,,,
2018-07-03,,,,,,
2018-07-04,,,,,,
2018-07-05,,,,,,
2018-07-06,,,,,,
2018-07-07,,,,,,
2018-07-08,,,,,,
2018-07-09,,,,,,
2018-07-10,,,,,,
2018-07-11,,,,,,
2018-07-12,,,,,,
2018-07-13,,,,,,
2018-07-14,,,,,,
2018-07-15,,,,,,
2018-07-16,,,,,,
2018-07-17,,,,,,
2018-07-18,,,,,,
2018-07-19,,,,,,
2018-07-20,,,,,,
2018-07-21,,,,,,
2018-07-22,,,,,,
2018-07-23,,,,,,
2018-07-24,,,,,,
2018-07-25,,,,,,
2018-07-26,,,,,,
2018-07-27,,,,,,
2018-07-28,,,,,,
2018-07-29,,,,,,
2018-07-30,,,,,,
2018-07-31,,,,,,
2018-08-01,,,,,,
2018-08-02,,,,,,
2018-08-03,,,,,,
2018-08-04,,,,,,
2018-08-05,,,,,,
2018-08-06,,,,,,
2018-08-07,,,,,,
2018-08-08,,,,,,
2018-08-09,,,,,,
2018-08-10,,,,,,
2018-08-11,,,,,,
2018-08-12,,,,,,
2018-08-13,,,,,,
2018-08-14,,,,,,
2018-08-15,,,,,,
2018-08-16,,,,,,
2018-08-17,,,,,,
2018-08-18,,,,,,
2018-08-19,,,,,,
2018-08-20,,,,,,
2018-08-21,,,,,,
2018-08-22,,,,,,
2018-08-23,,,,,,
2018-08-24,,,,,,
2018-08-25,,,,,,
2018-08-26,,,,,,
2018-08-27,,,,,,
2018-08-28,,,,,,
2018-08-29,,,,,,
2018-08-30,,,,,,
2018-08-31,,,,,,
2018-09-01,,,,,,
2018-09-02,,,,,,
2018-09-03,,,,,,
2018-09-04,,,,,,
2018-09-05,,,,,,
2018-09-06,,,,,,
2018-09-07,,,,,,
2018-09-08,,,,,,
2018-09-09,,,,,,
2018-09-10,,,,,,
2018-09-11,,,,,,
2018-09-12,,,,,,
2018-09-13,,,,,,
2018-09-14,,,,,,
2018-09-15,,,,,,
2018-09-16,,,,,,
2018-09-17,,,,,,
2018-09-18,,,,,,
2018-09-19,,,,,,
2018-09-20,,,,,,
2018-09-21,,,,,,
2018-09-22,,,,,,
2018-09-23,,,,,,
2018-09-24,,,,,,
2018-09-25,,,,,,
2018-09-26,,,,,,
2018-09-27,,,,,,
2018-09-28,,,,,,
2018-09-29,,,,,,
2018-09-30,,,,,,
2018-10-01,,,,,,
2018-10-02,,,,,,
2018-10-03,,,,,,
2018-10-04,,,,,,
2018-10-05,,,,,,
2018-10-06,,,,,,
2018-10-07,,,,,,
2018-10-08,,,,,,
2018-10-09,,,,,,
2018-10-10,,,,,,
2018-10-11,,,,,,
2018-10-12,,,,,,
2018-10-13,,,,,,
2018-10-14,,,,,,
2018-10-15,,,,,,
2018-10-16,,,,,,
2018-10-17,,,,,,
2018-10-18,,,,,,
2018-10-19,,,,,,
2018-10-20,,,,,,
2018-10-21,,,,,,
2018-10-22,,,,,,
2018-10-23,,,,,,
2018-10-24,,,,,,
2018-10-25,,,,,,
2018-10-26,,,,,,
2018-10-27,,,,,,
2018-10-28,,,,,,
2018-10-29,,,,,,
2018-10-30,,,,,,
2018-10-31,,,,,,
2018-11-01,,,,,,
2018-11-02,,,,,,
2018-11-03,,,,,,
2018-11-04,,,,,,
2018-11-05,,,,,,
2018-11-06,,,,,,
2018-11-07,,,,,,
2018-11-08,,,,,,
2018-11-09,,,,,,
2018-11-10,,,,,,
2018-11-11,,,,,,
2018-11-12,,,,,,
2018-11-13,,,,,,
2018-11-14,,,,,,
2018-11-15,,,,,,
2018-11-16,,,,,,
2018-11-17,,,,,,
2018-11-18,,,,,,
2018-11-19,,,,,,
2018-11-20,,,,,,
2018-11-21,,,,,,
2018-11-22,,,,,,
2018-11-23,,,,,,
2018-11-24,,,,,,
2018-11-25,,,,,,
2018-11-26,,,,,,
2018-11-27,,,,,,
2018-11-28,,,,,,
2018-11-29,,,,,,
2018-11-30,,,,,,
2018-12-01,,,,,,
2018-12-02,,,,,,
2018-12-03,,,,,,
2018-12-04,,,,,,
2018-12-05,,,,,,
2018-12-06,,,,,,
2018-12-07,,,,,,
2018-12-08,,,,,,
2018-12-09,,,,,,
2018-12-10,,,,,,
2018-12-11,,,,,,
2018-12-12,,,,,,
2018-12-13,,,,,,
2018-12-14,,,,,,
2018-12-15,,,,,,
2018-12-16,,,,,,
2018-12-17,,,,,,
2018-12-18,,,,,,
2018-12-19,,,,,,
2018-12-20,,,,,,
2018-12-21,,,,,,
2018-12-22,,,,,,
2018-12-23,,,,,,
2018-12-24,,,,,,
2018-12-25,,,,,,
2018-12-26,,,,,,
2018-12-27,,,,,,
2018-12-28,,,,,,
2018-12-29,,,,,,
2018-12-30,,,,,,
2018-12-31,,,,,,
2019-01-01,,,,,,
2019-01-02,,,,,,
2019-01-03,,,,,,
2019-01-04,,,,,,
2019-01-05,,,,,,
2019-01-06,,,,,,
2019-01-07,,,,,,
2019-01-08,,,,,,
2019-01-09,,,,,,
2019-01-10,,,,,,
2019-01-11,,,,,,
2019-01-12,,,,,,
2019-01-13,,,,,,
2019-01-14,,,,,,
2019-01-15,,,,,,
2019-01-16,,,,,,
2019-01-17,,,,,,
2019-01-18,,,,,,
2019-01-19,,,,,,
2019-01-20,,,,,,
2019-01-21,,,,,,
2019-01-22,,,,,,
2019-01-23,,,,,,
2019-01-24,,,,,,
2019-01-25,,,,,,
2019-01-26,,,,,,
2019-01-27,,,,,,
2019-01-28,,,,,,
2019-01-29,,,,,,
2019-01-30,,,,,,
2019-01-31,,,,,,
2019-02-01,,,,,,
2019-02-02,,,,,,
2019-02-03,,,,,,
2019-02-04,,,,,,
2019-02-05,,,,,,
2019-02-06,,,,,,
2019-02-07,,,,,,
2019-02-08,,,,,,
2019-02-09,,,,,,
2019-02-10,,,,,,
2019-02-11,,,,,,
2019-02-12,,,,,,
2019-02-13,,,,,,
2019-02-14,,,,,,
2019-02-15,,,,,,
2019-02-16,,,,,,
2019-02-17,,,,,,
2019-02-18,,,,,,
2019-02-19,,,,,,
2019-02-20,,,,,,
2019-02-21,,,,,,
2019-02-22,,,,,,
2019-02-23,,,,,,
2019-02-24,,,,,,
2019-02-25,,,,,,
2019-02-26,,,,,,
2019-02-27,,,,,,
2019-02-28,,,,,,
2019-03-01,,,,,,
2019-03-02,,,,,,
2019-03-03,,,,,,
2019-03-04,,,,,,
2019-03-05,,,,,,
2019-03-06,,,,,,
2019-03-07,,,,,,
2019-03-08,,,,,,
2019-03-09,,,,,,
2019-03-10,,,,,,
2019-03-11,,,,,,
2019-03-12,,,,,,
2019-03-13,,,,,,
2019-03-14,,,,,,
2019-03-15,,,,,,
2019-03-16,,,,,,
2019-03-17,,,,,,
2019-03-18,,,,,,
2019-03-19,,,,,,
2019-03-20,,,,,,
2019-03-21,,,,,,
2019-03-22,,,,,,
2019-03-23,,,,,,
2019-03-24,,,,,,
2019-03-25,,,,,,
2019-03-26,,,,,,
2019-03-27,,,,,,
2019-03-28,,,,,,
2019-03-29,,,,,,
2019-03-30,,,,,,
2019-03-31,,,,,,
2019-04-01,,,,,,
2019-04-02,,,,,,
2019-04-03,,,,,,
2019-04-04,,,,,,
2019-04-05,,,,,,
2019-04-06,,,,,,
2019-04-07,,,,,,
2019-04-08,,,,,,
2019-04-09,,,,,,
2019-04-10,,,,,,
2019-04-11,,,,,,
2019-04-12,,,,,,
2019-04-13,,,,,,
2019-04-14,,,,,,
2019-04-15,,,,,,
2019-04-16,,,,,,
2019-04-17,,,,,,
2019-04-18,,,,,,
2019-04-19,,,,,,
2019-04-20,,,,,,
2019-04-21,,,,,,
2019-04-22,,,,,,
2019-04-23,,,,,,
2019-04-24,,,,,,
2019-04-25,,,,,,
2019-04-26,,,,,,
2019-04-27,,,,,,
2019-04-28,,,,,,
2019-04-29,,,,,,
2019-04-30,,,,,,
2019-05-01,,,,,,
2019-05-02,,,,,,
2019-05-03,,,,,,
2019-05-04,,,,,,
2019-05-05,,,,,,
2019-05-06,,,,,,
2019-05-07,,,,,,
2019-05-08,,,,,,
2019-05-09,,,,,,
2019-05-10,,,,,,
2019-05-11,,,,,,
2019-05-12,,,,,,
2019-05-13,,,,,,
2019-05-14,,,,,,
2019-05-15,,,,,,
2019-05-16,,,,,,
2019-05-17,,,,,,
2019-05-18,,,,,,
2019-05-19,,,,,,
2019-05-20,,,,,,
2019-05-21,,,,,,
2019-05-22,,,,,,
2019-05-23,,,,,,
2019-05-24,,,,,,
2019-05-25,,,,,,
2019-05-26,,,,,,
2019-05-27,,,,,,
2019-05-28,,,,,,
2019-05-29,,,,,,
2019-05-30,,,,,,
2019-05-31,,,,,,
2019-06-01,,,,,,
2019-06-02,,,,,,
2019-06-03,,,,,,
2019-06-04,,,,,,
2019-06-05,,,,,,
2019-06-06,,,,,,
2019-06-07,,,,,,
2019-06-08,,,,,,
2019-06-09,,,,,,
2019-06-10,,,,,,
2019-06-11,,,,,,
2019-06-12,,,,,,
2019-06-13,,,,,,
2019-06-14,,,,,,
2019-06-15,,,,,,
2019-06-16,,,,,,
2019-06-17,,,,,,
2019-06-18,,,,,,
2019-06-19,,,,,,
2019-06-20,,,,,,
2019-06-21,,,,,,
2019-06-22,,,,,,
2019-06-23,,,,,,
2019-06-24,,,,,,
2019-06-25,,,,,,
2019-06-26,,,,,,
2019-06-27,,,,,,
2019-06-28,,,,,,
2019-06-29,,,,,,
2019-06-30,,,,,,
2019-07-01,,,,,,
2019-07-02,,,,,,
2019-07-03,,,,,,
2019-07-04,,,,,,
2019-07-05,,,,,,
2019-07-06,,,,,,
2019-07-07,,,,,,
2019-07-08,,,,,,
2019-07-09,,,,,,
2019-07-10,,,,,,
2019-07-11,,,,,,
2019-07-12,,,,,,
2019-07-13,,,,,,
2019-07-14,,,,,,
2019-07-15,,,,,,
2019-07-16,,,,,,
2019-07-17,,,,,,
2019-07-18,,,,,,
2019-07-19,,,,,,
2019-07-20,,,,,,
2019-07-21,,,,,,
2019-07-22,,,,,,
2019-07-23,,,,,,
2019-07-24,,,,,,
2019-07-25,,,,,,
2019-07-26,,,,,,
2019-07-27,,,,,,
2019-07-28,,,,,,
2019-07-29,,,,,,
2019-07-30,,,,,,
2019-07-31,,,,,,
2019-08-01,,,,,,
2019-08-02,,,,,,
2019-08-03,,,,,,
2019-08-04,,,,,,
2019-08-05,,,,,,
2019-08-06,,,,,,
2019-08-07,,,,,,
2019-08-08,,,,,,
2019-08-09,,,,,,
2019-08-10,,,,,,
2019-08-11,,,,,,
2019-08-12,,,,,,
2019-08-13,,,,,,
2019-08-14,,,,,,
2019-08-15,,,,,,
2019-08-16,,,,,,
2019-08-17,,,,,,
2019-08-18,,,,,,
2019-08-19,,,,,,
2019-08-20,,,,,,
2019-08-21,,,,,,
2019-08-22,,,,,,
2019-08-23,,,,,,
2019-08-24,,,,,,
2019-08-25,,,,,,
2019-08-26,,,,,,
2019-08-27,,,,,,
2019-08-28,,,,,,
2019-08-29,,,,,,
2019-08-30,,,,,,
2019-08-31,,,,,,
2019-09-01,,,,,,
2019-09-02,,,,,,
2019-09-03,,,,,,
2019-09-04,,,,,,
2019-09-05,,,,,,
2019-09-06,,,,,,
2019-09-07,,,,,,
2019-09-08,,,,,,
2019-09-09,,,,,,
2019-09-10,,,,,,
2019-09-11,,,,,,
2019-09-12,,,,,,
2019-09-13,,,,,,
2019-09-14,,,,,,
2019-09-15,,,,,,
2019-09-16,,,,,,
2019-09-17,,,,,,
2019-09-18,,,,,,
2019-09-19,,,,,,
2019-09-20,,,,,,
2019-09-21,,,,,,
2019-09-22,,,,,,
2019-09-23,,,,,,
2019-09-24,,,,,,
2019-09-25,,,,,,
2019-09-26,,,,,,
2019-09-27,,,,,,
2019-09-28,,,,,,
2019-09-29,,,,,,
2019-09-30,,,,,,
2019-10-01,,,,,,
2019-10-02,,,,,,
2019-10-03,,,,,,
2019-10-04,,,,,,
2019-10-05,,,,,,
2019-10-06,,,,,,
2019-10-07,,,,,,
2019-10-08,,,,,,
2019-10-09,,,,,,
2019-10-10,,,,,,
2019-10-11,,,,,,
2019-10-12,,,,,,
2019-10-13,,,,,,
2019-10-14,,,,,,
2019-10-15,,,,,,
2019-10-16,,,,,,
2019-10-17,,,,,,
2019-10-18,,,,,,
2019-10-19,,,,,,
2019-10-20,,,,,,
2019-10-21,,,,,,
2019-10-22,,,,,,
2019-10-23,,,,,,
2019-10-24,,,,,,
2019-10-25,,,,,,
2019-10-26,,,,,,
2019-10-27,,,,,,
2019-10-28,,,,,,
2019-10-29,,,,,,
2019-10-30,,,,,,
2019-10-31,,,,,,
2019-11-01,,,,,,
2019-11-02,,,,,,
2019-11-03,,,,,,
2019-11-04,,,,,,
2019-11-05,,,,,,
2019-11-06,,,,,,
2019-11-07,,,,,,
2019-11-08,,,,,,
2019-11-09,,,,,,
2019-11-10,,,,,,
2019-11-11,,,,,,
2019-11-12,,,,,,
2019-11-13,,,,,,
2019-11-14,,,,,,
2019-11-15,,,,,,
2019-11-16,,,,,,
2019-11-17,,,,,,
2019-11-18,,,,,,
2019-11-19,,,,,,
2019-11-20,,,,,,
2019-11-21,,,,,,
2019-11-22,,,,,,
2019-11-23,,,,,,
2019-11-24,,,,,,
2019-11-25,,,,,,
2019-11-26,,,,,,
2019-11-27,,,,,,
2019-11-28,,,,,,
2019-11-29,,,,,,
2019-11-30,,,,,,
2019-12-01,,,,,,
2019-12-02,,,,,,
2019-12-03,,,,,,
2019-12-04,,,,,,
2019-12-05,,,,,,
2019-12-06,,,,,,
2019-12-07,,,,,,
2019-12-08,,,,,,
2019-12-09,,,,,,
2019-12-10,,,,,,
2019-12-11,,,,,,
2019-12-12,,,,,,
2019-12-13,,,,,,
2019-12-14,,,,,,
2019-12-15,,,,,,
2019-12-16,,,,,,
2019-12-17,,,,,,
2019-12-18,,,,,,
2019-12-19,,,,,,
2019-12-20,,,,,,
2019-12-21,,,,,,
2019-12-22,,,,,,
2019-12-23,,,,,,
2019-12-24,,,,,,
2019-12-25,,,,,,
2019-12-26,,,,,,
2019-12-27,,,,,,
2019-12-28,,,,,,
2019-12-29,,,,,,
2019-12-30,,,,,,
2019-12-31,,,,,,
2020-01-01,,,,,,
2020-01-02,,,,,,
2020-01-03,,,,,,
2020-01-04,,,,,,
2020-01-05,,,,,,
2020-01-06,,,,,,
2020-01-07,,,,,,
2020-01-08,,,,,,
2020-01-09,,,,,,
2020-01-10,,,,,,
2020-01-11,,,,,,
2020-01-12,,,,,,
2020-01-13,,,,,,
2020-01-14,,,,,,
2020-01-15,,,,,,
2020-01-16,,,,,,
2020-01-17,,,,,,
2020-01-18,,,,,,
2020-01-19,,,,,,
2020-01-20,,,,,,
2020-01-21,,,,,,
2020-01-22,,,,,,
2020-01-23,,,,,,
2020-01-24,,,,,,
2020-01-25,,,,,,
2020-01-26,,,,,,
2020-01-27,,,,,,
2020-01-28,,,,,,
2020-01-29,,,,,,
2020-01-30,,,,,,
2020-01-31,,,,,,
2020-02-01,,,,,,
2020-02-02,,,,,,
2020-02-03,,,,,,
2020-02-04,,,,,,
2020-02-05,,,,,,
2020-02-06,,,,,,
2020-02-07,,,,,,
2020-02-08,,,,,,
2020-02-09,,,,,,
2020-02-10,,,,,,
2020-02-11,,,,,,
2020-02-12,,,,,,
2020-02-13,,,,,,
2020-02-14,,,,,,
2020-02-15,,,,,,
2020-02-16,,,,,,
2020-02-17,,,,,,
2020-02-18,,,,,,
2020-02-19,,,,,,
2020-02-20,,,,,,
2020-02-21,,,,,,
2020-02-22,,,,,,
2020-02-23,,,,,,
2020-02-24,,,,,,
2020-02-25,,,,,,
2020-02-26,,,,,,
2020-02-27,,,,,,
2020-02-28,,,,,,
2020-02-29,,,,,,
2020-03-01,,,,,,
2020-03-02,,,,,,
2020-03-03,,,,,,
2020-03-04,,,,,,
2020-03-05,,,,,,
2020-03-06,,,,,,
2020-03-07,,,,,,
2020-03-08,,,,,,
2020-03-09,,,,,,
2020-03-10,,,,,,
2020-03-11,,,,,,
2020-03-12,,,,,,
2020-03-13,,,,,,
2020-03-14,,,,,,
2020-03-15,,,,,,
2020-03-16,,,,,,
2020-03-17,,,,,,
2020-03-18,,,,,,
2020-03-19,,,,,,
2020-03-20,,,,,,
2020-03-21,,,,,,
2020-03-22,,,,,,
2020-03-23,,,,,,
2020-03-24,,,,,,
2020-03-25,,,,,,
2020-03-26,,,,,,
2020-03-27,,,,,,
2020-03-28,,,,,,
2020-03-29,,,,,,
2020-03-30,,,,,,
2020-03-31,,,,,,
2020-04-01,,,,,,
2020-04-02,,,,,,
2020-04-03,,,,,,
2020-04-04,,,,,,
2020-04-05,,,,,,
2020-04-06,,,,,,
2020-04-07,,,,,,
2020-04-08,,,,,,
2020-04-09,,,,,,
2020-04-10,,,,,,
2020-04-11,,,,,,
2020-04-12,,,,,,
2020-04-13,,,,,,
2020-04-14,,,,,,
2020-04-15,,,,,,
2020-04-16,,,,,,
2020-04-17,,,,,,
2020-04-18,,,,,,
2020-04-19,,,,,,
2020-04-20,,,,,,
2020-04-21,,,,,,
2020-04-22,,,,,,
2020-04-23,,,,,,
2020-04-24,,,,,,
2020-04-25,,,,,,
2020-04-26,,,,,,
2020-04-27,,,,,,
2020-04-28,,,,,,
2020-04-29,,,,,,
2020-04-30,,,,,,
2020-05-01,,,,,,
2020-05-02,,,,,,
2020-05-03,,,,,,
2020-05-04,,,,,,
2020-05-05,,,,,,
2020-05-06,,,,,,
2020-05-07,,,,,,
2020-05-08,,,,,,
2020-05-09,,,,,,
2020-05-10,,,,,,
2020-05-11,,,,,,
2020-05-12,,,,,,
2020-05-13,,,,,,
2020-05-14,,,,,,
2020-05-15,,,,,,
2020-05-16,,,,,,
2020-05-17,,,,,,
2020-05-18,,,,,,
2020-05-19,,,,,,
2020-05-20,,,,,,
2020-05-21,,,,,,
2020-05-22,,,,,,
2020-05-23,,,,,,
2020-05-24,,,,,,
2020-05-25,,,,,,
2020-05-26,,,,,,
2020-05-27,,,,,,
2020-05-28,,,,,,
2020-05-29,,,,,,
2020-05-30,,,,,,
2020-05-31,,,,,,
2020-06-01,,,,,,
2020-06-02,,,,,,
2020-06-03,,,,,,
2020-06-04,,,,,,
2020-06-05,,,,,,
2020-06-06,,,,,,
2020-06-07,,,,,,
2020-06-08,,,,,,
2020-06-09,,,,,,
2020-06-10,,,,,,
2020-06-11,,,,,,
2020-06-12,,,,,,
2020-06-13,,,,,,
2020-06-14,,,,,,
2020-06-15,,,,,,
2020-06-16,,,,,,
2020-06-17,,,,,,
2020-06-18,,,,,,
2020-06-19,,,,,,
2020-06-20,,,,,,
2020-06-21,,,,,,
2020-06-22,,,,,,
2020-06-23,,,,,,
2020-06-24,,,,,,
2020-06-25,,,,,,
2020-06-26,,,,,,
2020-06-27,,,,,,
2020-06-28,,,,,,
2020-06-29,,,,,,
2020-06-30,,,,,,
2020-07-01,,,,,,
2020-07-02,,,,,,
2020-07-03,,,,,,
2020-07-04,,,,,,
2020-07-05,,,,,,
2020-07-06,,,,,,
2020-07-07,,,,,,
2020-07-08,,,,,,
2020-07-09,,,,,,
2020-07-10,,,,,,
2020-07-11,,,,,,
2020-07-12,,,,,,
2020-07-13,,,,,,
2020-07-14,,,,,,
2020-07-15,,,,,,
2020-07-16,,,,,,
2020-07-17,,,,,,
2020-07-18,,,,,,
2020-07-19,,,,,,
2020-07-20,,,,,,
2020-07-21,,,,,,
2020-07-22,,,,,,
2020-07-23,,,,,,
2020-07-24,,,,,,
2020-07-25,,,,,,
2020-07-26,,,,,,
2020-07-27,,,,,,
2020-07-28,,,,,,
2020-07-29,,,,,,
2020-07-30,,,,,,
2020-07-31,,,,,,
2020-08-01,,,,,,
2020-08-02,,,,,,
2020-08-03,,,,,,
2020-08-04,,,,,,
2020-08-05,,,,,,
2020-08-06,,,,,,
2020-08-07,,,,,,
2020-08-08,,,,,,
2020-08-09,,,,,,
2020-08-10,,,,,,
2020-08-11,,,,,,
2020-08-12,,,,,,
2020-08-13,,,,,,
2020-08-14,,,,,,
2020-08-15,,,,,,
2020-08-16,,,,,,
2020-08-17,,,,,,
2020-08-18,,,,,,
2020-08-19,,,,,,
2020-08-20,,,,,,
2020-08-21,,,,,,
2020-08-22,,,,,,
2020-08-23,,,,,,
2020-08-24,,,,,,
2020-08-25,,,,,,
2020-08-26,,,,,,
2020-08-27,,,,,,
2020-08-28,,,,,,
2020-08-29,,,,,,
2020-08-30,,,,,,
2020-08-31,,,,,,
2020-09-01,,,,,,
2020-09-02,,,,,,
2020-09-03,,,,,,
2020-09-04,,,,,,
2020-09-05,,,,,,
2020-09-06,,,,,,
2020-09-07,,,,,,
2020-09-08,,,,,,
2020-09-09,,,,,,
2020-09-10,,,,,,
2020-09-11,,,,,,
2020-09-12,,,,,,
2020-09-13,,,,,,
2020-09-14,,,,,,
2020-09-15,,,,,,
2020-09-16,,,,,,
2020-09-17,,,,,,
2020-09-18,,,,,,
2020-09-19,,,,,,
2020-09-20,,,,,,
2020-09-21,,,,,,
2020-09-22,,,,,,
2020-09-23,,,,,,
2020-09-24,,,,,,
2020-09-25,,,,,,
2020-09-26,,,,,,
2020-09-27,,,,,,
2020-09-28,,,,,,
2020-09-29,,,,,,
2020-09-30,,,,,,
2020-10-01,,,,,,
2020-10-02,,,,,,
2020-10-03,,,,,,
2020-10-04,,,,,,
2020-10-05,,,,,,
2020-10-06,,,,,,
2020-10-07,,,,,,
2020-10-08,,,,,,
2020-10-09,,,,,,
2020-10-10,,,,,,
2020-10-11,,,,,,
2020-10-12,,,,,,
2020-10-13,,,,,,
2020-10-14,,,,,,
2020-10-15,,,,,,
2020-10-16,,,,,,
2020-10-17,,,,,,
2020-10-18,,,,,,
2020-10-19,,,,,,
2020-10-20,,,,,,
2020-10-21,,,,,,
2020-10-22,,,,,,
2020-10-23,,,,,,
2020-10-24,,,,,,
2020-10-25,,,,,,
2020-10-26,,,,,,
2020-10-27,,,,,,
2020-10-28,,,,,,
2020-10-29,,,,,,
2020-10-30,,,,,,
2020-10-31,,,,,,
2020-11-01,,,,,,
2020-11-02,,,,,,
2020-11-03,,,,,,
2020-11-04,,,,,,
2020-11-05,,,,,,
2020-11-06,,,,,,
2020-11-07,,,,,,
2020-11-08,,,,,,
2020-11-09,,,,,,
2020-11-10,,,,,,
2020-11-11,,,,,,
2020-11-12,,,,,,
2020-11-13,,,,,,
2020-11-14,,,,,,
2020-11-15,,,,,,
2020-11-16,,,,,,
2020-11-17,,,,,,
2020-11-18,,,,,,
2020-11-19,,,,,,
2020-11-20,,,,,,
2020-11-21,,,,,,
2020-11-22,,,,,,
2020-11-23,,,,,,
2020-11-24,,,,,,
2020-11-25,,,,,,
2020-11-26,,,,,,
2020-11-27,,,,,,
2020-11-28,,,,,,
2020-11-29,,,,,,
2020-11-30,,,,,,
2020-12-01,,,,,,
2020-12-02,,,,,,
2020-12-03,,,,,,
2020-12-04,,,,,,
2020-12-05,,,,,,
2020-12-06,,,,,,
2020-12-07,,,,,,
2020-12-08,,,,,,
2020-12-09,,,,,,
2020-12-10,,,,,,
2020-12-11,,,,,,
2020-12-12,,,,,,
2020-12-13,,,,,,
2020-12-14,,,,,,
2020-12-15,,,,,,
2020-12-16,,,,,,
2020-12-17,,,,,,
2020-12-18,,,,,,
2020-12-19,,,,,,
2020-12-20,,,,,,
2020-12-21,,,,,,
2020-12-22,,,,,,
2020-12-23,,,,,,
2020-12-24,,,,,,
2020-12-25,,,,,,
2020-12-26,,,,,,
2020-12-27,,,,,,
2020-12-28,,,,,,
2020-12-29,,,,,,
2020-12-30,,,,,,
2020-12-31,,,,,,
2021-01-01,,,,,,
2021-01-02,,,,,,
2021-01-03,,,,,,
2021-01-04,,,,,,
2021-01-05,,,,,,
2021-01-06,,,,,,
2021-01-07,,,,,,
2021-01-08,,,,,,
2021-01-09,,,,,,
2021-01-10,,,,,,
2021-01-11,,,,,,
2021-01-12,,,,,,
2021-01-13,,,,,,
2021-01-14,,,,,,
2021-01-15,,,,,,
2021-01-16,,,,,,
2021-01-17,,,,,,
2021-01-18,,,,,,
2021-01-19,,,,,,
2021-01-20,,,,,,
2021-01-21,,,,,,
2021-01-22,,,,,,
2021-01-23,,,,,,
2021-01-24,,,,,,
2021-01-25,,,,,,
2021-01-26,,,,,,
2021-01-27,,,,,,
2021-01-28,,,,,,
2021-01-29,,,,,,
2021-01-30,,,,,,
2021-01-31,,,,,,
2021-02-01,,,,,,
2021-02-02,,,,,,
2021-02-03,,,,,,
2021-02-04,,,,,,
2021-02-05,,,,,,
2021-02-06,,,,,,
2021-02-07,,,,,,
2021-02-08,,,,,,
2021-02-09,,,,,,
2021-02-10,,,,,,
2021-02-11,,,,,,
2021-02-12,,,,,,
2021-02-13,,,,,,
2021-02-14,,,,,,
2021-02-15,,,,,,
2021-02-16,,,,,,
2021-02-17,,,,,,
2021-02-18,,,,,,
2021-02-19,,,,,,
2021-02-20,,,,,,
2021-02-21,,,,,,
2021-02-22,,,,,,
2021-02-23,,,,,,
2021-02-24,,,,,,
2021-02-25,,,,,,
2021-02-26,,,,,,
2021-02-27,,,,,,
2021-02-28,,,,,,
2021-03-01,,,,,,
2021-03-02,,,,,,
2021-03-03,,,,,,
2021-03-04,,,,,,
2021-03-05,,,,,,
2021-03-06,,,,,,
2021-03-07,,,,,,
2021-03-08,,,,,,
2021-03-09,,,,,,
2021-03-10,,,,,,
2021-03-11,,,,,,
2021-03-12,,,,,,
2021-03-13,,,,,,
2021-03-14,,,,,,
2021-03-15,,,,,,
2021-03-16,,,,,,
2021-03-17,,,,,,
2021-03-18,,,,,,
2021-03-19,,,,,,
2021-03-20,,,,,,
2021-03-21,,,,,,
2021-03-22,,,,,,
2021-03-23,,,,,,
2021-03-24,,,,,,
2021-03-25,,,,,,
2021-03-26,,,,,,
2021-03-27,,,,,,
2021-03-28,,,,,,
2021-03-29,,,,,,
2021-03-30,,,,,,
2021-03-31,,,,,,
2021-04-01,,,,,,
2021-04-02,,,,,,
2021-04-03,,,,,,
2021-04-04,,,,,,
2021-04-05,,,,,,
2021-04-06,,,,,,
2021-04-07,,,,,,
2021-04-08,,,,,,
2021-04-09,,,,,,
2021-04-10,,,,,,
2021-04-11,,,,,,
2021-04-12,,,,,,
2021-04-13,,,,,,
2021-04-14,,,,,,
2021-04-15,,,,,,
2021-04-16,,,,,,
2021-04-17,,,,,,
2021-04-18,,,,,,
2021-04-19,,,,,,
2021-04-20,,,,,,
2021-04-21,,,,,,
2021-04-22,,,,,,
2021-04-23,,,,,,
2021-04-24,,,,,,
2021-04-25,,,,,,
2021-04-26,,,,,,
2021-04-27,,,,,,
2021-04-28,,,,,,
2021-04-29,,,,,,
2021-04-30,,,,,,
2021-05-01,,,,,,
2021-05-02,,,,,,
2021-05-03,,,,,,
2021-05-04,,,,,,
2021-05-05,,,,,,
2021-05-06,,,,,,
2021-05-07,,,,,,
2021-05-08,,,,,,
2021-05-09,,,,,,
2021-05-10,,,,,,
2021-05-11,,,,,,
2021-05-12,,,,,,
2021-05-13,,,,,,
2021-05-14,,,,,,
2021-05-15,,,,,,
2021-05-16,,,,,,
2021-05-17,,,,,,
2021-05-18,,,,,,
2021-05-19,,,,,,
2021-05-20,,,,,,
2021-05-21,,,,,,
2021-05-22,,,,,,
2021-05-23,,,,,,
2021-05-24,,,,,,
2021-05-25,,,,,,
2021-05-26,,,,,,
2021-05-27,,,,,,
2021-05-28,,,,,,
2021-05-29,,,,,,
2021-05-30,,,,,,
2021-05-31,,,,,,
2021-06-01,,,,,,
2021-06-02,,,,,,
2021-06-03,,,,,,
2021-06-04,,,,,,
2021-06-05,,,,,,
2021-06-06,,,,,,
2021-06-07,,,,,,
2021-06-08,,,,,,
2021-06-09,,,,,,
2021-06-10,,,,,,
2021-06-11,,,,,,
2021-06-12,,,,,,
2021-06-13,,,,,,
2021-06-14,,,,,,
2021-06-15,,,,,,
2021-06-16,,,,,,
2021-06-17,,,,,,
2021-06-18,,,,,,
2021-06-19,,,,,,
2021-06-20,,,,,,
2021-06-21,,,,,,
2021-06-22,,,,,,
2021-06-23,,,,,,
2021-06-24,,,,,,
2021-06-25,,,,,,
2021-06-26,,,,,,
2021-06-27,,,,,,
2021-06-28,,,,,,
2021-06-29,,,,,,
2021-06-30,,,,,,
2021-07-01,,,,,,
2021-07-02,,,,,,
2021-07-03,,,,,,
2021-07-04,,,,,,
2021-07-05,,,,,,
2021-07-06,,,,,,
2021-07-07,,,,,,
2021-07-08,,,,,,
2021-07-09,,,,,,
2021-07-10,,,,,,
2021-07-11,,,,,,
2021-07-12,,,,,,
2021-07-13,,,,,,
2021-07-14,,,,,,
2021-07-15,,,,,,
2021-07-16,,,,,,
2021-07-17,,,,,,
2021-07-18,,,,,,
2021-07-19,,,,,,
2021-07-20,,,,,,
2021-07-21,,,,,,
2021-07-22,,,,,,
2021-07-23,,,,,,
2021-07-24,,,,,,
2021-07-25,,,,,,
2021-07-26,,,,,,
2021-07-27,,,,,,
2021-07-28,,,,,,
2021-07-29,,,,,,
2021-07-30,,,,,,
2021-07-31,,,,,,
2021-08-01,,,,,,
2021-08-02,,,,,,
2021-08-03,,,,,,
2021-08-04,,,,,,
2021-08-05,,,,,,
2021-08-06,,,,,,
2021-08-07,,,,,,
2021-08-08,,,,,,
2021-08-09,,,,,,
2021-08-10,,,,,,
2021-08-11,,,,,,
2021-08-12,,,,,,
2021-08-13,,,,,,
2021-08-14,,,,,,
2021-08-15,,,,,,
2021-08-16,,,,,,
2021-08-17,,,,,,
2021-08-18,,,,,,
2021-08-19,,,,,,
2021-08-20,,,,,,
2021-08-21,,,,,,
2021-08-22,,,,,,
2021-08-23,,,,,,
2021-08-24,,,,,,
2021-08-25,,,,,,
2021-08-26,,,,,,
2021-08-27,,,,,,
2021-08-28,,,,,,
2021-08-29,,,,,,
2021-08-30,,,,,,
2021-08-31,,,,,,
2021-09-01,,,,,,
2021-09-02,,,,,,
2021-09-03,,,,,,
2021-09-04,,,,,,
2021-09-05,,,,,,
2021-09-06,,,,,,
2021-09-07,,,,,,
2021-09-08,,,,,,
2021-09-09,,,,,,
2021-09-10,,,,,,
2021-09-11,,,,,,
2021-09-12,,,,,,
2021-09-13,,,,,,
2021-09-14,,,,,,
2021-09-15,,,,,,
2021-09-16,,,,,,
2021-09-17,,,,,,
2021-09-18,,,,,,
2021-09-19,,,,,,
2021-09-20,,,,,,
2021-09-21,,,,,,
2021-09-22,,,,,,
2021-09-23,,,,,,
2021-09-24,,,,,,
2021-09-25,,,,,,
2021-09-26,,,,,,
2021-09-27,,,,,,
2021-09-28,,,,,,
2021-09-29,,,,,,
2021-09-30,,,,,,
2021-10-01,,,,,,
2021-10-02,,,,,,
2021-10-03,,,,,,
2021-10-04,,,,,,
2021-10-05,,,,,,
2021-10-06,,,,,,
2021-10-07,,,,,,
2021-10-08,,,,,,
2021-10-09,,,,,,
2021-10-10,,,,,,
2021-10-11,,,,,,
2021-10-12,,,,,,
2021-10-13,,,,,,
2021-10-14,,,,,,
2021-10-15,,,,,,
2021-10-16,,,,,,
2021-10-17,,,,,,
2021-10-18,,,,,,
2021-10-19,,,,,,
2021-10-20,,,,,,
2021-10-21,,,,,,
2021-10-22,,,,,,
2021-10-23,,,,,,
2021-10-24,,,,,,
2021-10-25,,,,,,
2021-10-26,,,,,,
2021-10-27,,,,,,
2021-10-28,,,,,,
2021-10-29,,,,,,
2021-10-30,,,,,,
2021-10-31,,,,,,
2021-11-01,,,,,,
2021-11-02,,,,,,
2021-11-03,,,,,,
2021-11-04,,,,,,
2021-11-05,,,,,,
2021-11-06,,,,,,
2021-11-07,,,,,,
2021-11-08,,,,,,
2021-11-09,,,,,,
2021-11-10,,,,,,
2021-11-11,,,,,,
2021-11-12,,,,,,
2021-11-13,,,,,,
2021-11-14,,,,,,
2021-11-15,,,,,,
2021-11-16,,,,,,
2021-11-17,,,,,,
2021-11-18,,,,,,
2021-11-19,,,,,,
2021-11-20,,,,,,
2021-11-21,,,,,,
2021-11-22,,,,,,
2021-11-23,,,,,,
2021-11-24,,,,,,
2021-11-25,,,,,,
2021-11-26,,,,,,
2021-11-27,,,,,,
2021-11-28,,,,,,
2021-11-29,,,,,,
2021-11-30,,,,,,
2021-12-01,,,,,,
2021-12-02,,,,,,
2021-12-03,,,,,,
2021-12-04,,,,,,
2021-12-05,,,,,,
2021-12-06,,,,,,
2021-12-07,,,,,,
2021-12-08,,,,,,
2021-12-09,,,,,,
2021-12-10,,,,,,
2021-12-11,,,,,,
2021-12-12,,,,,,
2021-12-13,,,,,,
2021-12-14,,,,,,
2021-12-15,,,,,,
2021-12-16,,,,,,
2021-12-17,,,,,,
2021-12-18,,,,,,
2021-12-19,,,,,,
2021-12-20,,,,,,
2021-12-21,,,,,,
2021-12-22,,,,,,
2021-12-23,,,,,,
2021-12-24,,,,,,
2021-12-25,,,,,,
2021-12-26,,,,,,
2021-12-27,,,,,,
2021-12-28,,,,,,
2021-12-29,,,,,,
2021-12-30,,,,,,
2021-12-31,0.1140189990401268,0.1140189990401268,0.2864089906215668,0.1132190003991127,0.16811800003051758,889802.0
2022-01-01,0.07371100038290024,0.07371100038290024,0.12380900233983994,0.06813400238752365,0.1140189990401268,532404.0
2022-01-02,0.055768001824617386,0.055768001824617386,0.07389400154352188,0.05347999930381775,0.07371100038290024,133740.0
2022-01-03,0.057537999004125595,0.057537999004125595,0.07245899736881256,0.05534999817609787,0.055768001824617386,39177.0
2022-01-04,0.059512000530958176,0.059512000530958176,0.06357000023126602,0.05657099932432175,0.057537999004125595,34211.0
2022-01-05,0.05093200132250786,0.05093200132250786,0.06357800215482712,0.048441000282764435,0.059512000530958176,21249.0
2022-01-06,0.04113300144672394,0.04113300144672394,0.05099000036716461,0.03671399876475334,0.05093200132250786,28429.0
2022-01-07,0.03571999818086624,0.03571999818086624,0.04132099822163582,0.035075001418590546,0.04113300144672394,17993.0
2022-01-08,0.035656001418828964,0.035656001418828964,0.03743299841880798,0.0346670001745224,0.03571999818086624,4437.0
2022-01-09,0.03386799991130829,0.03386799991130829,0.035656001418828964,0.03286200016736984,0.035656001418828964,4891.0
2022-01-10,0.032898999750614166,0.032898999750614166,0.03646999970078468,0.03214700147509575,0.03386799991130829,5641.0
2022-01-11,0.034658998250961304,0.034658998250961304,0.03550500050187111,0.03270300105214119,0.032898999750614166,3528.0
2022-01-12,0.03617599979043007,0.03617599979043007,0.037105001509189606,0.03432700037956238,0.034658998250961304,2897.0
2022-01-13,0.0340379998087883,0.0340379998087883,0.0362589992582798,0.033663999289274216,0.03617599979043007,4944.0
2022-01-14,0.03494599834084511,0.03494599834084511,0.03517799824476242,0.03378099948167801,0.0340379998087883,1305.0
2022-01-15,0.035408999770879745,0.035408999770879745,0.03584599867463112,0.034644998610019684,0.03494599834084511,571.0
2022-01-16,0.03462500125169754,0.03462500125169754,0.03557400032877922,0.034501999616622925,0.035408999770879745,857.0
2022-01-17,0.03353999927639961,0.03353999927639961,0.03476699814200401,0.03276500105857849,0.03462500125169754,1453.0
2022-01-18,0.03155900165438652,0.03155900165438652,0.03383199870586395,0.030990000814199448,0.03353999927639961,2120.0
2022-01-19,0.03101300075650215,0.03101300075650215,0.03173099830746651,0.030417999252676964,0.03155900165438652,1202.0
2022-01-20,0.02920299954712391,0.02920299954712391,0.0320190005004406,0.02920299954712391,0.03101300075650215,253.0
2022-01-21,0.025095000863075256,0.025095000863075256,0.029433999210596085,0.024855000898241997,0.02920299954712391,347.0
2022-01-22,0.023389000445604324,0.023389000445604324,0.02555200085043907,0.022339999675750732,0.025095000863075256,298.0
2022-01-23,0.025324000045657158,0.025324000045657158,0.025823000818490982,0.023343000560998917,0.023389000445604324,749.0
2022-01-24,0.02432899922132492,0.02432899922132492,0.025330999866127968,0.022244999185204506,0.025324000045657158,573.0
2022-01-25,0.025317000225186348,0.025317000225186348,0.025324000045657158,0.023600000888109207,0.02432899922132492,90.0
2022-01-26,0.02463899925351143,0.02463899925351143,0.026239000260829926,0.024103999137878418,0.025317000225186348,93.0
2022-01-27,0.02469100058078766,0.02469100058078766,0.024821000173687935,0.02373100072145462,0.02463899925351143,0.0
2022-01-28,0.024098999798297882,0.024098999798297882,0.025933999568223953,0.023984000086784363,0.02469100058078766,1078.0
2022-01-29,0.023903999477624893,0.023903999477624893,0.024848999455571175,0.02376900054514408,0.024098999798297882,1606.0
2022-01-30,0.022314999252557755,0.022314999252557755,0.024025000631809235,0.0220320001244545,0.023903999477624893,991.0
2022-01-31,0.019759999588131905,0.019759999588131905,0.022352999076247215,0.019579999148845673,0.022314999252557755,2559.0
2022-02-01,0.019651999697089195,0.019651999697089195,0.020388999953866005,0.019511999562382698,0.019759999588131905,2509.0
2022-02-02,0.01870100013911724,0.01870100013911724,0.019711999222636223,0.018651999533176422,0.019651999697089195,365.0
2022-02-03,0.018590999767184258,0.018590999767184258,0.01885100081562996,0.01827099919319153,0.01870100013911724,0.0
2022-02-04,0.019192999228835106,0.019192999228835106,0.019293999299407005,0.018590999767184258,0.018590999767184258,0.0
2022-02-05,0.021390000358223915,0.021390000358223915,0.021511999890208244,0.019192999228835106,0.019192999228835106,0.0
2022-02-06,0.021247999742627144,0.021247999742627144,0.021463999524712563,0.02085299976170063,0.021390000358223915,309.0
2022-02-07,0.021983999758958817,0.021983999758958817,0.022276999428868294,0.020983999595046043,0.021247999742627144,0.0
2022-02-08,0.021983999758958817,0.021983999758958817,0.021983999758958817,0.021983999758958817,0.021983999758958817,0.0
2022-02-09,0.020921999588608742,0.020921999588608742,0.021983999758958817,0.020409999415278435,0.021983999758958817,345.0
2022-02-10,0.02051899954676628,0.02051899954676628,0.021455999463796616,0.02027999982237816,0.020921999588608742,169.0
2022-02-11,0.0196090005338192,0.0196090005338192,0.020611999556422234,0.0193099994212389,0.02051899954676628,140.0
2022-02-12,0.019731000065803528,0.019731000065803528,0.01998700015246868,0.019360000267624855,0.0196090005338192,128.0
2022-02-13,0.019742000848054886,0.019742000848054886,0.019742000848054886,0.019731000065803528,0.019731000065803528,0.0
2022-02-14,0.019742030650377274,0.019742030650377274,0.019742030650377274,0.019742030650377274,0.019742030650377274,127.0
